0.758639 0.136207
0.750449 0.306142
0.297162 0.132431
0.993986 0.557510
0.392189 0.337033
0.700305 0.208550
0.097502 0.493321
0.456381 0.014318
0.791440 0.475968
0.314667 0.482353
0.115336 0.746547
0.844920 0.439015
0.300302 0.483954
0.650320 0.468986
0.489336 0.438457
0.016341 0.706857
0.049597 0.103660
0.249281 0.434705
0.366322 0.266121
0.112439 0.301927
0.684167 0.361318
0.801496 0.325931
0.661908 0.032291
0.732164 0.314360
0.210114 0.636092
0.077704 0.440087
0.396266 0.455467
0.250606 0.361482
0.147038 0.217529
0.850498 0.019039
0.282667 0.473179
0.771203 0.154541
0.211562 0.761967
0.670836 0.115733
0.090055 0.313076
0.853493 0.180816
0.028370 0.047059
0.399922 0.150497
0.444911 0.099613
0.865777 0.606801
0.792036 0.082956
0.571845 0.285081
0.307294 0.192846
0.486100 0.217009
0.909591 0.356889
0.163319 0.664440
0.925812 0.480151
0.046412 0.210528
0.392524 0.358533
0.049063 0.301218
0.810026 0.297798
0.737710 0.184448
0.248593 0.258783
0.920041 0.445589
0.397074 0.011805
0.644049 0.221819
0.764661 0.251062
0.239872 0.355012
0.136352 0.431051
0.132228 0.235906
0.198003 0.199898
0.316241 0.055557
0.171571 0.494043
0.575243 0.091177
0.279167 0.468679
0.000371 0.309456
0.613495 0.455016
0.913359 0.598088
0.147467 0.560348
0.227671 0.173621
0.192093 0.378098
0.027493 0.380573
0.722023 0.278567
0.993143 0.337182
0.501833 0.163197
0.649198 0.260595
0.092424 0.184939
0.017811 0.404688
0.734328 0.193819
0.226654 0.625822
0.871493 0.461845
0.063580 0.743976
0.892017 0.312355
0.951921 0.381448
0.084828 0.169234
0.204580 0.614643
0.835667 0.463718
0.925539 0.580492
0.250216 0.433015
0.551207 0.496828
0.716371 0.424639
0.250134 0.079956
0.792097 0.488209
0.134799 0.277183
0.144968 0.134721
0.241426 0.487889
0.475727 0.227346
0.994004 0.422366
0.279821 0.147968
0.902997 0.477862
0.156956 0.672573
0.384222 0.363372
0.612345 0.159540
0.855344 0.578442
0.869105 0.233471
0.408244 0.197514
0.014571 0.212991
0.190480 0.181307
0.925571 0.044376
0.888789 0.332393
0.804491 0.606036
0.083395 0.482486
0.085035 0.719377
0.167011 0.280268
0.942816 0.300662
0.286953 0.276074
0.615784 0.110007
0.975299 0.165943
0.471599 0.161101
0.437076 0.034622
0.990821 0.413226
0.988187 0.397947
0.992164 0.670443
0.115925 0.335009
0.572286 0.248802
0.911294 0.575808
0.325413 0.143717
0.136196 0.313865
0.227664 0.621581
0.751626 0.227778
0.677836 0.343935
0.138569 0.469325
0.919198 0.174474
0.154623 0.413561
0.854411 0.400846
0.534849 0.381375
0.441420 0.112189
0.311177 0.013889
0.751729 0.322255
0.835948 0.319002
0.305848 0.034142
0.550984 0.165832
0.548454 0.296411
0.106063 0.640952
0.722040 0.110880
0.393074 0.187044
0.150064 0.387601
0.912335 0.376618
0.252576 0.317840
0.170898 0.453013
0.998804 0.352992
0.100741 0.080540
0.607647 0.523160
0.981650 0.591391
0.542708 0.134293
0.596655 0.004423
0.025134 0.152195
0.715372 0.564674
0.923333 0.412060
0.531590 0.121807
0.935962 0.367130
0.924633 0.632875
0.971947 0.367126
0.437899 0.141941
0.422555 0.178474
0.309736 0.314925
0.929401 0.661417
0.601749 0.371099
0.677596 0.400748
0.041242 0.376376
0.693609 0.075407
0.485108 0.063404
0.321484 0.012054
0.949205 0.489018
0.222771 0.378834
0.280673 0.056765
0.244306 0.103853
0.888085 0.064223
0.754746 0.118198
0.996542 0.439149
0.462894 0.249464
0.571025 0.218777
0.926447 0.088804
0.837618 0.309647
0.964028 0.724480
0.083783 0.550321
0.198570 0.394016
0.861313 0.276497
0.284170 0.163303
0.436700 0.193470
0.541996 0.105888
0.727745 0.133930
0.822247 0.328528
0.015382 0.153261
0.870279 0.139008
0.332523 0.023825
0.449040 0.319072
0.374968 0.442424
0.367340 0.143460
0.111554 0.641871
0.469756 0.354583
0.908066 0.610622
0.173976 0.139855
0.321913 0.437093
0.095694 0.505824
0.479842 0.266590
0.763630 0.534918
0.909047 0.467106
0.829248 0.016785
0.588920 0.325898
0.156414 0.564655
0.394395 0.247119
0.162469 0.780875
0.591530 0.479996
0.979724 0.805814
0.156143 0.036304
0.360543 0.049278
0.040497 0.762390
0.030756 0.555895
0.752040 0.437637
0.727919 0.302489
0.844076 0.232730
0.158750 0.245420
0.444306 0.266322
0.109031 0.719140
0.766825 0.324532
0.694821 0.039540
0.632724 0.238901
0.589196 0.329978
0.569842 0.453795
0.771949 0.376236
0.084230 0.105102
0.293859 0.532435
0.956704 0.275836
0.938483 0.731315
0.431631 0.212123
0.779409 0.413503
0.082397 0.377367
0.179269 0.109013
0.588286 0.112897
0.437658 0.355337
0.964558 0.059625
0.951464 0.685072
0.656400 0.227960
0.205147 0.475037
0.463781 0.112299
0.026604 0.679550
0.305975 0.347598
0.010376 0.563401
0.987494 0.072766
0.231907 0.488698
0.716340 0.086386
0.190748 0.539080
0.988106 0.003931
0.251590 0.160906
0.555493 0.255724
0.055087 0.223824
0.647771 0.542737
0.503683 0.299897
0.616686 0.305990
0.634155 0.101536
0.905623 0.017835
0.347486 0.199831
0.422128 0.372349
0.707720 0.006502
0.878412 0.435164
0.661398 0.157255
0.899669 0.726110
0.189375 0.483117
0.904858 0.009339
0.123098 0.163568
0.158488 0.287090
0.583276 0.405143
0.924832 0.358316
0.041227 0.499144
0.998766 0.380335
0.010021 0.412264
0.236641 0.247394
0.483939 0.258082
0.476333 0.291050
0.559308 0.410452
0.926168 0.522412
0.892952 0.410896
0.168913 0.263231
0.671088 0.498464
0.915029 0.136584
0.488925 0.141551
0.590187 0.264429
0.737759 0.054386
0.886829 0.528897
0.796840 0.275657
0.291345 0.088686
0.010862 0.190836
0.219237 0.528248
0.817857 0.279419
0.963539 0.216366
0.641190 0.318905
0.046281 0.393973
0.233615 0.608144
0.156448 0.314476
0.871322 0.258206
0.329471 0.271367
0.283201 0.510385
0.577511 0.100949
0.063530 0.266048
0.179571 0.731684
0.593851 0.096165
0.156226 0.729928
0.629683 0.079396
0.509777 0.202565
0.348543 0.468843
0.097575 0.143245
0.355411 0.208741
0.468177 0.338616
0.181486 0.005607
0.250689 0.525085
0.939064 0.147847
0.023511 0.760669
0.609331 0.442996
0.202654 0.130441
0.624688 0.217146
0.863426 0.723102
0.047717 0.455136
0.248313 0.640533
0.852009 0.688564
0.929574 0.246573
0.180226 0.582421
0.145211 0.574535
0.001080 0.219805
0.052208 0.081033
0.868988 0.714390
0.343771 0.294629
0.936487 0.269113
0.045158 0.808689
0.658835 0.076938
0.439786 0.066829
0.292180 0.350633
0.144810 0.645581
0.088936 0.075236
0.162467 0.359266
0.090138 0.338264
0.050826 0.713726
0.265394 0.615455
0.144948 0.428232
0.723686 0.474188
0.346983 0.124848
0.894110 0.465675
0.930654 0.314529
0.712639 0.537507
0.529244 0.329002
0.189064 0.759659
0.543930 0.303145
0.344410 0.074547
0.264832 0.593501
0.589763 0.201090
0.845221 0.124051
0.048912 0.766850
0.262312 0.479543
0.180114 0.605921
0.164398 0.210377
0.786167 0.033334
0.224182 0.251949
0.084494 0.790763
0.028922 0.807733
0.622183 0.196770
0.098553 0.748635
0.341358 0.198309
0.350153 0.054441
0.910383 0.087771
0.663196 0.367116
0.270949 0.299100
0.107395 0.020878
0.788696 0.544739
0.685986 0.116623
0.102861 0.195034
0.067267 0.356891
0.959415 0.295523
0.142385 0.056125
0.124198 0.389461
0.979282 0.509486
0.627148 0.252528
0.361905 0.092446
0.169643 0.709919
0.919534 0.123772
0.409322 0.274134
0.535530 0.494987
0.381583 0.151628
0.193585 0.010982
0.716506 0.379955
0.442001 0.010676
0.021108 0.108944
0.795910 0.402281
0.730875 0.140681
0.171600 0.230938
0.739565 0.120774
0.516347 0.069390
0.065078 0.055953
0.149107 0.019415
0.792653 0.304918
0.402064 0.448556
0.105835 0.039602
0.239950 0.524855
0.770873 0.226268
0.610771 0.553220
0.757907 0.182895
0.449460 0.184130
0.692932 0.158288
0.100197 0.766767
0.759651 0.478014
0.347264 0.159385
0.834300 0.289995
0.014183 0.707177
0.190167 0.499959
0.501565 0.424320
0.141493 0.516441
0.201267 0.077236
0.520546 0.302952
0.468010 0.199383
0.681244 0.557164
0.066213 0.221267
0.911268 0.190831
0.268075 0.515012
0.537275 0.330670
0.580606 0.378919
0.608802 0.508533
0.205460 0.661149
0.873425 0.661874
0.958383 0.361930
0.013637 0.082076
0.918388 0.274439
0.596047 0.381027
0.969117 0.602010
0.884795 0.022656
0.521647 0.059127
0.118600 0.262022
0.694199 0.201324
0.307003 0.178451
0.214301 0.146527
0.835826 0.160233
0.942129 0.177637
0.829499 0.535420
0.380727 0.450357
0.140068 0.419078
0.154262 0.744894
0.890852 0.205349
0.701277 0.451357
0.100719 0.603247
0.799687 0.191776
0.045041 0.236609
0.239094 0.282365
0.975381 0.254159
0.316807 0.139368
0.326757 0.223496
0.099804 0.430452
0.952779 0.227804
0.645796 0.517302
0.990035 0.281025
0.998025 0.483256
0.527609 0.326938
0.119447 0.021654
0.008437 0.649729
0.095989 0.170462
0.902418 0.378136
0.623064 0.431370
0.523498 0.365324
0.916202 0.241358
0.642418 0.061586
0.054966 0.562530
0.543994 0.180262
0.666818 0.108115
0.211440 0.108377
0.052529 0.390694
0.546706 0.163536
0.936247 0.386755
0.223383 0.680989
0.157768 0.501078
0.191513 0.151915
0.761826 0.510654
0.937983 0.618524
0.570164 0.013520
0.334785 0.390367
0.077776 0.177888
0.223722 0.336737
0.061834 0.029689
0.046330 0.569207
0.967114 0.009713
0.972614 0.001159
0.128599 0.674200
0.920065 0.657571
0.378189 0.177898
0.362556 0.156995
0.540393 0.364848
0.733554 0.089610
0.223247 0.438133
0.894390 0.266812
0.959816 0.381489
0.471142 0.010010
0.877080 0.375047
0.942921 0.426773
0.220222 0.001427
0.040783 0.279532
0.491526 0.359152
0.360770 0.354177
0.016979 0.366333
0.086140 0.602216
0.348952 0.009382
0.898202 0.101303
0.164912 0.460328
0.896527 0.680210
0.114926 0.211810
0.812781 0.446019
0.915656 0.261174
0.420641 0.259702
0.971047 0.190474
0.827244 0.600159
0.008339 0.136478
0.071278 0.141439
0.912809 0.020518
0.139333 0.346577
0.351795 0.245714
0.829225 0.522583
0.394611 0.068593
0.126006 0.125449
0.969174 0.498768
0.435517 0.070566
0.145644 0.110529
0.121484 0.372206
0.637826 0.440557
0.844492 0.552936
0.402949 0.108302
0.399354 0.080997
0.643176 0.357559
0.169017 0.477916
0.617267 0.050451
0.507992 0.339823
0.847807 0.613655
0.097852 0.128512
0.545563 0.000945
0.545002 0.465059
0.806934 0.434918
0.588070 0.013562
0.534324 0.085570
0.423294 0.401347
0.835965 0.031912
0.144376 0.539287
0.650117 0.159192
0.130642 0.181263
0.862196 0.359092
0.888202 0.319026
0.049995 0.486487
0.017428 0.611815
0.173964 0.500640
0.235006 0.437721
0.708597 0.170739
0.229891 0.652673
0.090223 0.575687
0.970164 0.794198
0.199319 0.591444
0.906651 0.360892
0.708795 0.446457
0.542499 0.146189
0.987300 0.040222
0.049077 0.058380
0.762409 0.055660