-0.315816 -0.497109 -0.808172
-0.782978 -0.348744 0.515095
0.134054 -0.990953 -0.006508
-0.013534 -0.916724 -0.399292
-0.026449 -0.999648 -0.002174
-0.158863 0.000878 -0.987300
0.621488 0.417258 -0.663060
-0.304865 -0.470202 0.828231
0.229840 0.651696 0.722818
0.173521 0.639809 0.748689
0.065805 -0.979992 0.187844
0.398838 0.893643 -0.205745
-0.493684 -0.828652 0.263839
0.010785 -0.999534 -0.028554
0.375121 0.676030 0.634245
-0.833610 0.302699 0.462026
-0.099450 -0.937216 0.334269
0.010752 -0.976079 0.217149
-0.549017 -0.835651 -0.016368
-0.065605 -0.063734 0.995808
-0.938800 -0.266516 -0.218231
0.629927 0.737500 0.243486
0.696870 -0.370020 0.614376
0.624632 0.720910 -0.300207
0.643127 -0.465061 -0.608363
0.878894 0.334792 -0.339793
-0.195668 0.978351 -0.067412
0.062364 0.184080 -0.980931
0.065994 -0.989930 0.125235
0.001976 0.408353 0.912822
0.219308 -0.899466 -0.377975
0.852609 0.147232 0.501379
-0.020305 -0.997288 -0.070747
-0.919354 0.070258 -0.387107
-0.943877 -0.000805 -0.330297
-0.502806 -0.221274 -0.835598
-0.071510 0.485040 0.871563
0.178654 0.898914 -0.400045
-0.662553 0.729414 0.170232
0.589041 0.635158 -0.499605
-0.965863 -0.229335 0.120479
0.494867 -0.679776 0.541305
0.969782 -0.190989 0.151809
-0.329976 0.149363 -0.932098
0.626728 0.758673 0.177840
-0.474286 -0.875267 -0.094660
-0.553513 0.052233 -0.831201
0.769655 -0.233559 0.594207
0.612160 0.023339 0.790389
-0.758677 -0.528579 -0.380805
-0.625832 -0.754427 0.197926
0.178126 0.983347 0.036060
0.903173 0.018352 0.428884
-0.461750 0.819404 -0.339653
0.594583 -0.516775 -0.615966
0.120270 -0.400452 0.908390
-0.391464 0.291550 0.872785
0.607667 -0.692639 0.388576
-0.016390 0.999851 -0.005358
0.096801 -0.994747 -0.033280
0.003614 0.999957 -0.008580
0.000372 0.999138 -0.041517
-0.689613 0.683951 0.238001
0.715951 0.451298 -0.532677
-0.235122 0.158656 0.958929
-0.738186 -0.647505 -0.189260
-0.326551 -0.944890 -0.023405
-0.011628 -0.979615 -0.200547
0.477796 0.416609 -0.773400
-0.688688 0.082849 -0.720309
0.167907 0.964723 -0.202774
0.706100 0.435067 -0.558695
0.577869 -0.074032 -0.812765
0.221647 0.918730 0.326815
0.026932 0.998049 -0.056335
-0.067867 0.969489 -0.235553
0.653007 0.753781 0.073455
0.285327 -0.845106 -0.452090
-0.477682 -0.634600 -0.607538
-0.534703 0.790265 0.299288
0.527657 -0.613364 -0.587676
0.451731 0.794775 -0.405304
0.561413 0.539884 -0.627169
-0.208505 0.780948 0.588766
-0.914269 0.285034 0.287868
0.136374 -0.939550 -0.314082
-0.593552 0.405005 0.695462
0.040549 0.993809 0.103442
-0.904108 -0.418080 0.088303
-0.049125 -0.989030 -0.139309
0.919868 0.359492 0.156871
-0.583398 0.174145 -0.793297
0.014928 -0.984348 -0.175604
-0.341978 -0.937035 0.070825
0.211293 -0.748929 0.628061
0.025132 0.465500 -0.884691
0.748755 0.515104 -0.417173
0.101456 0.603297 -0.791037
-0.484755 0.432575 0.760192
-0.945865 0.019531 0.323973
0.045662 -0.390974 0.919268
0.397932 -0.901884 0.168090
-0.506026 0.796523 0.330890
0.239614 -0.778027 0.580739
-0.040754 0.998617 0.033218
0.705918 0.582936 0.402325
-0.082225 -0.947647 0.308553
0.908979 0.367131 0.197415
-0.196865 0.980258 0.018373
0.295246 -0.953282 -0.063892
0.435336 0.893108 -0.113318
0.121564 -0.388786 -0.913273
-0.754014 0.195937 0.626954
-0.853156 0.455009 0.255131
0.031534 -0.989599 -0.140353
-0.827785 0.461320 -0.319304
0.629376 0.771997 0.088915
0.254356 0.965830 0.049751
0.364754 -0.306601 0.879176
0.342326 0.585937 0.734500
0.133608 0.023411 -0.990758
-0.503910 -0.859313 0.087498
0.908017 -0.411567 -0.078215
-0.130214 -0.420847 0.897737
-0.356401 0.789859 0.499099
-0.919354 0.177335 0.351199
0.392180 -0.909679 -0.136668
0.613731 0.204748 0.762504
-0.357201 0.933159 -0.040255
-0.574193 0.577402 -0.580439
0.779143 0.487292 0.394312
0.132623 0.990921 -0.022043
-0.240583 -0.964520 -0.108726
-0.252414 0.962822 0.096236
0.163501 -0.982406 0.090254
-0.952855 -0.056199 0.298176
0.049788 0.925525 0.375398
0.038058 -0.998738 0.032762
0.295941 -0.113070 0.948490
-0.223767 -0.963776 0.145133
0.607110 -0.719548 0.337146
-0.169801 0.363146 -0.916129
0.315699 -0.900686 0.298495
-0.931769 -0.079071 0.354335
-0.050734 -0.994553 0.091056
0.133095 0.162519 -0.977688
0.007618 -0.993998 0.109132
0.319747 0.113344 0.940699
-0.249677 0.911412 -0.327093
0.429368 0.465582 0.773871
0.293491 -0.934432 -0.201742
-0.412241 0.322656 -0.852027
0.500179 -0.858312 -0.114552
0.297410 0.950038 0.094739
-0.208387 -0.327766 -0.921490
-0.436129 0.842561 0.316042
0.012836 0.999915 -0.002335
0.427666 -0.887903 -0.169501
0.098003 0.720195 0.686815
-0.917007 0.081404 -0.390475
-0.346757 -0.744843 -0.570060
-0.683994 -0.581658 0.440257
0.763627 -0.603851 -0.228554
0.939742 -0.240852 0.242642
0.827770 0.394167 -0.399286
0.635958 -0.607371 0.476085
-0.863837 -0.156191 -0.478946
-0.052302 -0.841072 0.538389
-0.807487 -0.211378 0.550712
0.917411 0.313833 -0.244675
-0.953960 0.298244 -0.031773
0.143076 0.780245 0.608890
0.443858 -0.721467 0.531483
-0.303092 0.626691 0.717909
0.954674 -0.241309 0.174263
-0.511725 0.722144 0.465452
0.088680 -0.855638 0.509921
0.008339 0.632448 0.774558
0.013811 0.963513 -0.267305
0.994192 -0.034274 -0.102016
-0.114457 -0.993359 0.011747
0.751782 0.323752 -0.574463
-0.480119 0.838384 0.258063
0.900068 -0.194704 0.389830
-0.389911 -0.913323 0.117519
-0.459095 0.400307 -0.793086
-0.872326 -0.467876 -0.141914
-0.119508 0.827012 0.549335
-0.262430 0.226322 0.938035
0.938037 0.286308 -0.195231
-0.625989 0.683797 0.374912
0.528819 0.762595 -0.372557
-0.060604 -0.947116 0.315117
-0.199494 -0.978703 0.048398
0.989731 -0.051737 -0.133251
-0.960386 0.208513 -0.184881
-0.488095 -0.450157 -0.747745
0.881285 0.092031 -0.463538
-0.032281 0.994094 0.103610
0.358326 0.929860 0.083443
0.169457 -0.550352 -0.817555
0.351358 -0.923874 0.151674
0.040004 0.998715 0.031112
0.448279 0.045432 -0.892738
-0.137103 0.979068 0.150429
0.399055 0.711344 -0.578571
0.784225 0.458535 0.418015
-0.619977 -0.710625 -0.332627
0.276659 -0.893597 0.353474
-0.270945 -0.814799 0.512534