0.032466 -0.665756 -0.745463
0.012911 -0.919973 -0.391769
-0.236229 0.632782 -0.737416
0.994814 -0.001957 0.101692
-0.752533 0.568871 -0.331782
-0.279636 -0.755152 -0.592915
0.783567 0.621015 -0.019063
-0.194840 0.056265 -0.979220
0.211584 -0.975510 -0.060097
-0.401326 0.915139 -0.038184
0.646318 0.577104 0.499223
0.589477 -0.801306 -0.102105
-0.370293 0.927472 -0.051749
-0.575732 -0.816354 -0.045823
-0.993094 0.026154 -0.114365
0.901491 0.100726 0.420914
0.549402 0.215723 -0.807230
0.077202 0.988588 -0.129358
-0.570009 0.687846 -0.449396
0.663263 0.643160 -0.382658
-0.382472 -0.885787 -0.262862
0.329610 -0.876465 -0.350951
-0.200855 -0.365349 -0.908943
-0.138435 -0.925924 -0.351427
0.260393 0.931174 0.255167
0.916408 0.382078 -0.119214
-0.046267 0.965787 -0.255177
0.520640 0.635171 -0.570518
0.170148 -0.237550 -0.956357
-0.258530 0.964703 -0.050105
0.091563 -0.699284 -0.708956
0.172567 0.831950 0.527332
-0.350010 -0.559268 -0.751474
0.787617 0.500038 -0.360029
0.426641 -0.631967 -0.646989
0.452888 0.061702 -0.889430
-0.596369 0.402987 -0.694223
-0.566950 0.216319 -0.794842
0.623207 -0.757640 0.193891
0.140019 -0.534937 -0.833209
-0.836619 -0.367129 -0.406552
-0.244590 0.765387 -0.595279
-0.808393 0.022962 -0.588196
0.841460 -0.454316 -0.292477
0.516017 0.791743 0.326908
0.884232 -0.463321 -0.058883
0.789980 0.163121 -0.591035
-0.766172 0.574725 -0.287527
0.868253 0.315409 -0.382955
0.271666 -0.877211 -0.395851
-0.064647 -0.760224 -0.646437
0.135024 0.893654 0.427961
0.035359 0.874346 -0.484013
0.837864 -0.537160 -0.097170
-0.136688 0.112000 -0.984262
0.068460 -0.869798 -0.488635
0.088382 0.948911 -0.302915
0.692928 0.704569 -0.153076
0.567085 0.652165 -0.503086
0.281328 0.739220 -0.611888
-0.214693 0.419887 -0.881817
0.494495 0.868655 -0.030235
-0.515504 -0.236545 -0.823591
-0.127661 0.987633 -0.091019
0.923086 0.014107 -0.384334
-0.711392 -0.696775 -0.091786
0.855737 -0.470402 0.215492
0.620945 0.774918 0.118018
0.150733 0.763138 -0.628411
0.293728 0.926149 -0.236585
0.953917 0.166767 -0.249462
-0.162594 -0.874615 -0.456740
0.941298 -0.080842 -0.327755
-0.726280 -0.005293 -0.687379
0.647138 0.395021 -0.652051
0.969512 0.116555 -0.215551
-0.077890 -0.781971 -0.618429
0.117847 0.955445 0.270622
0.675995 -0.731346 -0.090347
0.793840 0.349052 0.497977
0.754629 -0.517476 -0.403428
0.913199 -0.339684 -0.225129
0.643349 0.375500 -0.667159
0.238623 0.945308 0.222377
0.550783 -0.829443 -0.093071
0.901488 -0.392861 0.181602
-0.054555 0.986497 -0.154425
-0.926768 -0.375618 -0.003445
-0.211092 -0.966378 -0.146811
-0.023174 0.567454 -0.823079
0.252137 -0.967631 -0.010835
0.623809 0.632348 -0.459345
0.395962 0.554149 -0.732211
0.067069 0.997559 -0.019417
-0.823549 0.151965 -0.546510
0.985156 -0.087980 -0.147399
-0.105758 0.694950 -0.711238
0.774704 -0.630139 -0.052526
0.479248 0.799061 0.363073
-0.699987 0.666902 -0.255459
-0.555314 -0.504460 -0.661171
0.612451 -0.770292 0.177633
0.569319 -0.611486 -0.549509
-0.674805 0.431047 -0.599030
0.808289 0.012044 -0.588663
0.254720 0.737026 -0.626027
0.329156 -0.143257 -0.933345
0.699382 -0.638950 -0.320324
0.361582 -0.910491 0.200660
0.854748 0.517265 -0.042920
0.739250 0.483567 0.468692
0.423878 0.786440 -0.449266
0.866472 -0.316430 -0.386132
-0.227935 0.868372 -0.440426
-0.500113 -0.411683 -0.761842
0.739373 -0.139923 -0.658596
-0.742593 0.118209 -0.659228
-0.364267 0.191363 -0.911422
0.983161 -0.086687 -0.160869
0.978435 -0.040495 -0.202547
0.938946 -0.088393 0.332518
0.732975 0.601842 -0.317070
-0.787513 -0.332153 -0.519131
0.849896 -0.508305 0.138931
-0.283422 0.641535 -0.712815
0.639035 0.676506 -0.366024
0.187710 0.951011 0.245647
0.034275 -0.830430 -0.556067
0.673852 0.737614 -0.042993
0.670678 -0.381096 -0.636362
0.569823 0.802455 -0.177111
0.564769 -0.796444 -0.216131
-0.937590 -0.255556 -0.235832
-0.607685 0.240905 -0.756758
-0.065301 0.180277 -0.981446
0.076617 -0.930910 -0.357121
0.501387 -0.793370 -0.345218
-0.120660 0.382935 -0.915861
-0.695950 -0.286370 -0.658517
-0.849181 -0.311129 -0.426720
0.747753 0.596257 0.292136
-0.064240 -0.627942 -0.775605
-0.607132 0.481635 -0.631995
0.603388 0.766395 -0.220366
0.831738 -0.506999 -0.226195
-0.048138 0.926466 -0.373287
0.469904 0.874832 -0.117724
0.958446 -0.009518 -0.285116
0.439550 0.313696 -0.841659
-0.813860 -0.579411 0.043760
0.970819 -0.168982 0.170164
-0.675597 -0.159699 -0.719768
-0.123111 -0.096976 -0.987643
0.710196 0.118908 -0.693889
0.902621 -0.388409 -0.185508
-0.632295 -0.146978 -0.760658
0.876807 -0.398050 -0.269752
0.882267 -0.385218 0.270578
0.962513 -0.097968 -0.252924
-0.675629 0.265277 -0.687861
-0.689233 0.334352 -0.642780
-0.304310 0.883867 -0.355211
0.859380 -0.393279 0.326799
-0.788061 -0.549129 -0.278239
-0.458410 -0.863204 -0.211514
0.936289 0.255621 -0.240875
-0.201404 -0.490745 -0.847706
-0.513484 0.047328 -0.856793
-0.090623 0.212619 -0.972924
0.940785 -0.338898 -0.008489
0.146565 0.960851 -0.235125
-0.065646 0.427887 -0.901445
0.032315 0.591540 -0.805627
0.391979 -0.345782 -0.852518
0.029760 -0.631772 -0.774583
0.994703 -0.034493 -0.096826
-0.846637 0.178609 -0.501304
-0.763393 -0.345489 -0.545773
0.495628 -0.235883 -0.835890
0.448902 -0.799914 -0.398276
0.855924 -0.247613 0.453962
0.843932 0.525968 0.105530
0.347736 0.918164 -0.189880
0.570730 -0.692935 -0.440578
-0.202756 0.722716 -0.660736
-0.727918 0.318294 -0.607309
-0.602087 -0.160090 -0.782217
-0.124557 -0.662959 -0.738221
0.366766 -0.872553 -0.322698
0.720522 0.053455 -0.691368
0.468720 -0.471833 -0.746776
-0.143214 0.266896 -0.953025
-0.881131 0.317382 -0.350538
-0.686770 0.719613 -0.102492
-0.449291 0.541936 -0.710241
0.695212 0.655036 0.295987
-0.951005 0.095627 -0.294014
0.842971 -0.481936 0.239035
0.310209 0.609911 -0.729231
-0.440403 0.885948 -0.145396
0.806019 0.591794 0.010633
-0.883925 0.143009 -0.445225
0.195186 -0.962635 0.187712
0.861532 -0.499520 -0.090783
0.124924 -0.227272 -0.965786
-0.778073 -0.515947 -0.358331
0.515705 0.842818 0.153968
-0.699964 0.486002 -0.523309
0.450015 0.699234 0.555480
-0.840689 -0.538912 -0.053058
0.231462 0.345983 -0.909242
-0.303779 0.337521 -0.890953
0.822116 0.242177 0.515244
0.979819 0.164844 0.113051
0.003954 -0.993806 -0.111063
-0.157009 -0.900418 -0.405703
0.487305 -0.685619 -0.540797
0.436684 0.733033 -0.521507
-0.836156 0.314342 -0.449480
0.739323 0.502183 0.448567
0.102927 -0.931775 -0.348141
-0.126948 -0.381618 -0.915561
-0.816149 -0.466008 -0.341668
-0.916531 -0.395010 -0.062755
0.098982 -0.970686 -0.219022
0.534886 0.298094 -0.790593
-0.268595 0.959320 0.086957
0.861503 -0.201741 -0.465953
0.824165 -0.320098 0.467214
-0.731957 0.349521 -0.584871
0.125306 -0.978326 -0.164852
0.829102 0.509491 -0.230237
0.278090 0.549135 -0.788109
-0.549735 -0.306628 -0.777027
-0.899918 0.329926 -0.285125
0.465246 -0.104971 -0.878936
0.889212 -0.285519 0.357464
0.223685 0.973198 -0.053391
-0.642356 0.144305 -0.752698
0.931450 0.104114 0.348658
-0.299433 0.906471 -0.297741
0.989451 0.022417 0.143119
0.532802 -0.039275 -0.845328
0.099729 0.994987 -0.007397
-0.118050 -0.539687 -0.833548
0.326415 0.941773 0.080730
0.205044 -0.008497 -0.978716
-0.030152 0.727760 -0.685168
-0.836632 -0.265689 -0.479017
0.801816 0.257745 -0.539128
-0.612432 -0.786027 0.084197
-0.916736 -0.073890 -0.392602
-0.681170 -0.619226 -0.390597
-0.383863 -0.459570 -0.800902
0.255689 -0.172853 -0.951181
-0.492567 0.623109 -0.607547
-0.862297 0.428918 -0.269208
-0.048608 -0.236755 -0.970353
0.762494 -0.631121 -0.142438
-0.379757 -0.622899 -0.683945
0.740321 -0.503661 0.445254
0.320840 0.946217 -0.041658
0.195941 -0.144035 -0.969980
0.554071 0.472441 -0.685423
0.458908 0.786084 -0.414096
-0.836223 -0.505729 -0.212059
0.873062 -0.389468 -0.293390
-0.055890 -0.995378 -0.078090
0.978918 0.202179 -0.029031
0.969964 -0.040185 -0.239907
0.981273 0.091572 -0.169461
0.043824 0.848649 -0.527138
-0.876007 0.097542 -0.472332
-0.896046 0.175070 -0.407985
-0.919567 -0.356397 -0.165460
0.896855 -0.440040 0.044900
0.790135 -0.585360 -0.181770
0.472161 0.735434 -0.486005
-0.501201 -0.864878 -0.027985
0.576039 -0.346165 -0.740506
-0.697716 0.008569 -0.716323
-0.742210 -0.459279 -0.488043
-0.021426 -0.425197 -0.904847
0.771295 -0.634862 0.045315
0.236916 -0.854742 -0.461830
-0.147769 0.529207 -0.835526
0.803023 0.010599 -0.595854
0.175706 0.983783 0.036027
0.375254 -0.809057 -0.452340
0.788286 -0.214360 -0.576762
-0.585628 -0.732819 -0.346434
0.947793 0.256303 -0.189727
0.100158 0.972665 0.209500
0.488932 0.799573 -0.348754
0.612672 -0.613410 -0.498358
-0.439848 0.773898 -0.455648
-0.275058 0.961426 0.001861
-0.524976 -0.260590 -0.810242
0.816290 0.365208 -0.447541
0.400670 0.789632 0.464698
-0.492714 -0.358944 -0.792712
0.514010 0.732123 0.446977
-0.391117 -0.432231 -0.812529
-0.803079 -0.035646 -0.594805
-0.592543 0.804067 -0.048682
0.573632 0.432966 -0.695332
-0.485464 0.653610 -0.580619
-0.908969 0.255587 -0.329318
0.017098 0.033456 -0.999294
-0.039101 0.997347 0.061405
0.662343 -0.243883 -0.708395
0.845131 0.165881 0.508170
-0.770509 -0.630391 -0.094457
0.215757 0.626181 -0.749231
-0.613462 -0.530523 -0.584987
0.582521 -0.669850 0.460402
0.934004 0.350768 -0.067815
0.546267 -0.733926 0.403665
0.792839 -0.342726 -0.503930
0.384349 0.906014 0.177241
0.572186 0.805862 0.152279
0.845058 0.025067 -0.534086
0.487554 0.702290 0.518730
0.527182 0.190505 -0.828122
0.589396 -0.691322 0.417954
-0.544085 0.724204 -0.423674
0.793982 -0.410362 -0.448549
0.778591 0.170549 0.603912
-0.265140 -0.443984 -0.855908
-0.480541 0.160834 -0.862098
-0.274848 0.917990 -0.285924
0.551468 0.776436 0.305007
0.425226 0.260596 -0.866760
0.514472 0.801375 -0.305150
0.793657 0.506652 -0.336768
0.862847 0.289497 0.414350
-0.235126 -0.929824 -0.283095
-0.094053 0.967015 0.236719
0.590431 0.792829 -0.151040
-0.130299 -0.989551 -0.061728
-0.382167 0.505374 -0.773657
0.814037 -0.577241 -0.064314
0.836950 -0.405429 -0.367616
-0.270141 -0.959714 0.077288
-0.937123 -0.126049 -0.325442
0.286205 0.816678 0.501122
-0.881817 -0.253846 -0.397443
-0.303524 0.441428 -0.844402
-0.672943 -0.433520 -0.599340
0.388522 -0.516888 -0.762809
0.796162 0.260213 0.546274
-0.003375 0.999027 -0.043966
0.445636 0.868289 0.217904
0.418295 0.702736 -0.575492
0.082812 -0.403252 -0.911334
0.157071 0.857793 -0.489408
0.717335 0.383840 0.581461
0.774686 0.114629 0.621870
-0.604418 -0.520524 -0.603103
0.709719 0.509809 0.486203
-0.410583 0.686556 -0.600052
-0.236353 0.353263 -0.905175
0.496221 -0.299965 -0.814731
-0.521082 -0.813087 -0.259542
0.146115 0.868017 0.474549
-0.139423 0.915180 -0.378162
0.200974 0.156506 -0.967014
0.205100 -0.974890 0.086742